GeneName	ArcA	ArgR	CRP	CspA	CsrA	CysB	DcuR	ExuR	FadR	FecI	FIS	FNR	FruR	Fur	GatR	Hns	IclR	IHF	IscR	IlvY	LeuO	Lrp	LysR	MalT	MetJ	MetR	NadR	OxyR	PurR	RpoN	RpoS	XylR	YjbK	Str.Res.(SerineHydroxamate)
carA	0	-1.43302	0	0	0	0	0	0	0	0	0	0	0	0	0	0	0	-0.736253	0	0	0	0	0	0	0	0	0	0	0	0	0	0	0	-0.929741
carB	0	-1.86997	0	0	0	0	0	0	0	0	0	0	0	0	0	0	0	0.317604	0	0	0	0	0	0	0	0	0	0	0	0	0	0	0	0
caiF	0	0	-0.342227	0	0	0	0	0	0	0	0	-0.0622328	0	0	0	0.620828	0	0	0	0	0	0	0	0	0	0	0	0	0	0	0	0	0	0
leuD	0	0	0	0	0	0	0	0	0	0	0	0	0	0	0	0	0	0	0	0	-0.873967	0	0	0	0	0	0	0	0	0	0	0	0	0
leuC	0	0	0	0	0	0	0	0	0	0	0	0	0	0	0	0	0	0	0	0	-0.968602	0	0	0	0	0	0	0	0	0	0	0	0	0
leuB	0	0	0	0	0	0	0	0	0	0	0	0	0	0	0	0	0	0	0	0	-0.974146	0	0	0	0	0	0	0	0	0	0	0	0	0
leuA	0	0	0	0	0	0	0	0	0	0	0	0	0	0	0	0	0	0	0	0	-1.18328	0	0	0	0	0	0	0	0	0	0	0	0	0
ilvI	0	0	0	0	0	0	0	0	0	0	0	0	0	0	0	0	0	0	0	0	0	-0.60091	0	0	0	0	0	0	0	0	0	0	0	0
ilvH	0	0	0	0	0	0	0	0	0	0	0	0	0	0	0	0	0	0	0	0	0	-0.47319	0	0	0	0	0	0	0	0	0	0	0	0
acnB	-0.212208	0	1.00492	0	0	0	0	0	0	0	1.13221	0	0.675311	0	0	0	0	0	0	0	0	0	0	0	0	0	0	0	0	0	0	0	0	0
htrE	0	0	0	0	0	0	0	0	0	0	0	0	0	0	0	0	0	-0.0732003	0	0	0	0	0	0	0	0	0	0	0	0	0	0	0	0
ecpD	0	0	0	0	0	0	0	0	0	0	0	0	0	0	0	0	0	-0.233095	0	0	0	0	0	0	0	0	0	0	0	0	0	0	0	0
fhuA	0	0	0	0	0	0	0	0	0	0	0	0	0	-1.27998	0	0	0	0	0	0	0	0	0	0	0	0	0	0	0	0	0	0	0	0
fhuC	0	0	0	0	0	0	0	0	0	0	0	0	0	-0.376806	0	0	0	0	0	0	0	0	0	0	0	0	0	0	0	0	0	0	0	0
fhuD	0	0	0	0	0	0	0	0	0	0	0	0	0	-0.464299	0	0	0	0	0	0	0	0	0	0	0	0	0	0	0	0	0	0	0	0
fhuB	0	0	0	0	0	0	0	0	0	0	0	0	0	-0.0929367	0	0	0	0	0	0	0	0	0	0	0	0	0	0	0	0	0	0	0	0
argF	0	-1.5194	0	0	0	0	0	0	0	0	0	0	0	0	0	0	0	0	0	0	0	0	0	0	0	0	0	0	0	0	0	0	0	0
codB	0	0	0	0	0	0	0	0	0	0	0	0	0	0	0	0	0	0	0	0	0	0	0	0	0	0	0	0	-0.919437	0	0	0	0	0
codA	0	0	0	0	0	0	0	0	0	0	0	0	0	0	0	0	0	0	0	0	0	0	0	0	0	0	0	0	-1.20114	0	0	0	0	0
cyoE	-0.404379	0	0	0	0	0	0	0	0	0	0	-0.295262	0	0	0	0	0	0	0	0	0	0	0	0	0	0	0	0	0	0	0	0	0	0
cyoD	-1.28962	0	0	0	0	0	0	0	0	0	0	-1.63643	0	0	0	0	0	0	0	0	0	0	0	0	0	0	0	0	0	0	0	0	0	0
cyoC	-1.80802	0	0	0	0	0	0	0	0	0	0	-2.46823	0	0	0	0	0	0	0	0	0	0	0	0	0	0	0	0	0	0	0	0	0	0
cyoB	-1.7679	0	0	0	0	0	0	0	0	0	0	-2.52048	0	0	0	0	0	0	0	0	0	0	0	0	0	0	0	0	0	0	0	0	0	0
cyoA	-1.05215	0	0	0	0	0	0	0	0	0	0	-1.25115	0	0	0	0	0	0	0	0	0	0	0	0	0	0	0	0	0	0	0	0	0	0
purK	0	0	0	0	0	0	0	0	0	0	0	0	0	0	0	0	0	0	0	0	0	0	0	0	0	0	0	0	-0.847873	0	0	0	0	0
purE	0	0	0	0	0	0	0	0	0	0	0	0	0	0	0	0	0	0	0	0	0	0	0	0	0	0	0	0	-0.836317	0	0	0	0	0
appY	0.613794	0	0	0	0	0	0	0	0	0	0	0	0	0	0	0	0	0	0	0	0	0	0	0	0	0	0	0	0	0	-0.310315	0	0	0
entD	0	0	0	0	0	0	0	0	0	0	0	0	0	-1.42438	0	0	0	0	0	0	0	0	0	0	0	0	0	0	0	0	0	0	0	0
fepA	0	0	0	0	0	0	0	0	0	0	0	0	0	-2.28421	0	0	0	0	0	0	0	0	0	0	0	0	0	0	0	0	0	0	0	0
fepC	0	0	0	0	0	0	0	0	0	0	0	0	0	-0.973773	0	0	0	0	0	0	0	0	0	0	0	0	0	0	0	0	0	0	0	0
fepG	0	0	0	0	0	0	0	0	0	0	0	0	0	-0.436551	0	0	0	0	0	0	0	0	0	0	0	0	0	0	0	0	0	0	0	0
fepD	0	0	0	0	0	0	0	0	0	0	0	0	0	-0.251719	0	0	0	0	0	0	0	0	0	0	0	0	0	0	0	0	0	0	0	0
fepB	0	0	0	0	0	0	0	0	0	0	0	0	0	-1.27487	0	0	0	0	0	0	0	0	0	0	0	0	0	0	0	0	0	0	0	0
entC	0	0	0	0	0	0	0	0	0	0	0	0	0	-1.94105	0	0	0	0	0	0	0	0	0	0	0	0	0	0	0	0	0	0	0	0
entE	0	0	0	0	0	0	0	0	0	0	0	0	0	-1.73212	0	0	0	0	0	0	0	0	0	0	0	0	0	0	0	0	0	0	0	0
entB	0	0	0	0	0	0	0	0	0	0	0	0	0	-1.59315	0	0	0	0	0	0	0	0	0	0	0	0	0	0	0	0	0	0	0	0
entA	0	0	0	0	0	0	0	0	0	0	0	0	0	-1.1643	0	0	0	0	0	0	0	0	0	0	0	0	0	0	0	0	0	0	0	0
ybdB	0	0	0	0	0	0	0	0	0	0	0	0	0	-0.762888	0	0	0	0	0	0	0	0	0	0	0	0	0	0	0	0	0	0	0	0
b0598	0	0	2.49563	0	0	0	0	0	0	0	0	0	0	0	0	0	0	0	0	0	0	0	0	0	0	0	0	0	0	0	0	0	0	0
ahpC	0	0	0	0	0	0	0	0	0	0	0	0	0	0	0	0	0	0	0	0	0	0	0	0	0	0	0	1.4446	0	0	0	0	0	0
ahpF	0	0	0	0	0	0	0	0	0	0	0	0	0	0	0	0	0	0	0	0	0	0	0	0	0	0	0	0.926641	0	0	0	0	0	0
fur	0	0	0.570405	0	0	0	0	0	0	0	0	0	0	-0.22926	0	0	0	0	0	0	0	0	0	0	0	0	0	0	0	0	0	0	0	0
pgm	0	0	0	0	-0.376638	0	0	0	0	0	0	0	0	0	0	0	0	0	0	0	0	0	0	0	0	0	0	0	0	0	0	0	0	0
gltA	-0.991412	0	-0.227845	0	0	0	0	0	0	0	0	0	0	0	0	0	0	0	0	0	0	0	0	0	0	0	0	0	0	0	0	0	0	0
sdhC	0.791996	0	1.90191	0	0	0	0	0	0	0	2.10625	-0.0790173	0	0	0	0	0	0	0	0	0	0	0	0	0	0	0	0	0	0	0	0	0	0
sdhD	1.32659	0	0.671115	0	0	0	0	0	0	0	2.37662	2.88561	0	0	0	0	0	0	0	0	0	0	0	0	0	0	0	0	0	0	0	0	0	0
sdhA	0.391736	0	0.814615	0	0	0	0	0	0	0	1.5481	1.66834	0	0	0	0	0	0	0	0	0	0	0	0	0	0	0	0	0	0	0	0	0	0
sdhB	0.199329	0	0.49713	0	0	0	0	0	0	0	1.37429	1.52264	0	0	0	0	0	0	0	0	0	0	0	0	0	0	0	0	0	0	0	0	0	0
b0725	0.611337	0	1.68188	0	0	0	0	0	0	0	1.51345	0.770862	0	0	0	0	0	0	0	0	0	0	0	0	0	0	0	0	0	0	0	0	0	-0.669538
sucA	0.313501	0	1.43648	0	0	0	0	0	0	0	2.35061	0.063847	0	0	0	0	0	0	0	0	0	0	0	0	0	0	0	0	0	0	0	0	0	0
sucB	-0.326516	0	0.791488	0	0	0	0	0	0	0	1.34891	0.223108	0	0	0	0	0	0	0	0	0	0	0	0	0	0	0	0	0	0	0	0	0	0
sucC	-0.723604	0	0.602183	0	0	0	0	0	0	0	0.983599	0.419477	0	0	0	0	0	0	0	0	0	0	0	0	0	0	0	0	0	0	0	0	0	0
sucD	-2.32435	0	-1.07151	0	0	0	0	0	0	0	-1.07569	0.0344917	0	0	0	0	0	0	0	0	0	0	0	0	0	0	0	0	0	0	0	0	0	0
cydA	0.35046	0	0	0	0	0	0	0	0	0	0	1.50659	0	0	0	0	0	0	0	0	0	0	0	0	0	0	0	0	0	0	0	0	0	0
cydB	0.560903	0	0	0	0	0	0	0	0	0	0	1.66287	0	0	0	0	0	0	0	0	0	0	0	0	0	0	0	0	0	0	0	0	0	0
dps	0	0	0	0	0	0	0	0	0	0	0	0	0	0	0	0	0	1.00327	0	0	0	0	0	0	0	0	0	-0.0630191	0	0	0.836022	0	0	0
cspD	0	0	0	0	0	0	0	0	0	0	0	0	0	0	0	2.06959	0	0	0	0	0	0	0	0	0	0	0	0	0	0	0	0	0	0
lrp	0	0	0	0	0	0	0	0	0	0	0	0	0	0	0	0	0	0	0	0	0	-1.52565	0	0	0	0	0	0	0	0	0	0	0	0
dmsB	0	0	0	0	0	0	0	0	0	0	0	0.13068	0	0	0	0	0	0	0	0	0	0	0	0	0	0	0	0	0	0	0	0	0	0
dmsC	0	0	0	0	0	0	0	0	0	0	0	0.763785	0	0	0	0	0	0	0	0	0	0	0	0	0	0	0	0	0	0	0	0	0	0
pflB	5.18406	0	-2.20628	0	0	0	0	0	0	0	0	7.43509	0	0	0	0	0	-4.91554	0	0	0	0	0	0	0	0	0	0	0	0	0	0	0	0
focA	2.20623	0	-1.06995	0	0	0	0	0	0	0	0	3.80768	0	0	0	0	0	-1.35703	0	0	0	0	0	0	0	0	0	0	0	0	0	0	0	0
himD	0	0	0	0	0	0	0	0	0	0	0	0	0	0	0	0	0	0.481903	0	0	0	0	0	0	0	0	0	0	0	0	0	0	0	0
pncB	0	0	0	0	0	0	0	0	0	0	0	0	0	0	0	0	0	0	0	0	0	0	0	0	0	0	1.44201	0	0	0	0	0	0	0
pyrD	0	0	0	0	0	0	0	0	0	0	0	0	0	0	0	0	0	0	0	0	0	0	0	0	0	0	0	0	0.522079	0	0	0	0	-1.67121
fabA	0	0	0	0	0	0	0	0	0.9187	0	0	0	0	0	0	0	0	0	0	0	0	0	0	0	0	0	0	0	0	0	0	0	0	0
ompA	0	0	-1.24064	0	0	0	0	0	0	0	0	0	0	0	0	0	0	0	0	0	0	0	0	0	0	0	0	0	0	0	0	0	0	0
pyrC	0	0	0	0	0	0	0	0	0	0	0	0	0	0	0	0	0	0	0	0	0	0	0	0	0	0	0	0	-1.44634	0	0	0	0	0
ndh	0	0	0	0	0	0	0	0	0	0	0	-0.793055	0	0	0	0	0	0	0	0	0	0	0	0	0	0	0	0	0	0	0	0	0	0
purB	0	0	0	0	0	0	0	0	0	0	0	0	0	0	0	0	0	0	0	0	0	0	0	0	0	0	0	0	-1.52603	0	0	0	0	0
ycfC	0	0	0	0	0	0	0	0	0	0	0	0	0	0	0	0	0	0	0	0	0	0	0	0	0	0	0	0	0.382311	0	0	0	0	-1.13104
icdA	-3.75412	0	0	0	0	0	0	0	0	0	0	-5.45199	-1.27731	0	0	0	0	0	0	0	0	0	0	0	0	0	0	0	0	0	0	0	0	0
dadA	0	0	1.74075	0	0	0	0	0	0	0	0	0	0	0	0	0	0	0	0	0	0	0	0	0	0	0	0	0	0	0	0	0	0	0
dadX	0	0	1.29133	0	0	0	0	0	0	0	0	0	0	0	0	0	0	0	0	0	0	0	0	0	0	0	0	0	0	0	0	0	0	0
prsA	0	0	0	0	0	0	0	0	0	0	0	0	0	0	0	0	0	0	0	0	0	0	0	0	0	0	0	0	-1.13517	0	0	0	0	0
narK	0	0	0	0	0	0	0	0	0	0	0	0.795414	0	0	0	0	0	0.267476	0	0	0	0	0	0	0	0	0	0	0	0	0	0	0	0
narG	0	0	0	0	0	0	0	0	0	0	0	-0.034244	0	0	0	0	0	0.392576	0	0	0	0	0	0	0	0	0	0	0	0	0	0	0	0
narH	0	0	0	0	0	0	0	0	0	0	0	0.679738	0	0	0	0	0	0.651334	0	0	0	0	0	0	0	0	0	0	0	0	0	0	0	0
narJ	0	0	0	0	0	0	0	0	0	0	0	0.257074	0	0	0	0	0	0.103198	0	0	0	0	0	0	0	0	0	0	0	0	0	0	0	0
narI	0	0	0	0	0	0	0	0	0	0	0	0.0337289	0	0	0	0	0	0.213452	0	0	0	0	0	0	0	0	0	0	0	0	0	0	0	0
hns	0	0	0	0.923969	0	0	0	0	0	0	0	0	0	0	0	1.81997	0	0	0	0	0	0	0	0	0	0	0	0	0	0	0	0	0	0
adhE	0	0	0	0	0	0	0	0	0	0	1.01242	0	-1.22967	0	0	0	0	0	0	0	0	0	0	0	0	0	0	0	0	0	-1.37687	0	0	2.02605
oppA	0	0	0	0	0	0	0	0	0	0	0	0	0	0	0	0	0	0	0	0	0	-0.890828	0	0	0	0	0	0	0	0	0	0	0	0
oppC	0	0	0	0	0	0	0	0	0	0	0	0	0	0	0	0	0	0	0	0	0	-0.123609	0	0	0	0	0	0	0	0	0	0	0	0
oppD	0	0	0	0	0	0	0	0	0	0	0	0	0	0	0	0	0	0	0	0	0	0.0193373	0	0	0	0	0	0	0	0	0	0	0	0
oppF	0	0	0	0	0	0	0	0	0	0	0	0	0	0	0	0	0	0	0	0	0	0.0742012	0	0	0	0	0	0	0	0	0	0	0	0
tonB	0	0	0	0	0	0	0	0	0	0	0	0	0	-0.724733	0	0	0	0	0	0	0	0	0	0	0	0	0	0	0	0	0	0	0	0
fnr	0	0	0	0	0	0	0	0	0	0	0	0.147004	0	0	0	0	0	0	0	0	0	0	0	0	0	0	0	0	0	0	0	0	0	0
narV	0	0	0	0	0	0	0	0	0	0	0	0	0	0	0	0	0	0	0	0	0	0	0	0	0	0	0	0	0	0	0.0953003	0	0	0
narW	0	0	0	0	0	0	0	0	0	0	0	0	0	0	0	0	0	0	0	0	0	0	0	0	0	0	0	0	0	0	0.269193	0	0	0
narY	0	0	0	0	0	0	0	0	0	0	0	0	0	0	0	0	0	0	0	0	0	0	0	0	0	0	0	0	0	0	0.633292	0	0	0
narZ	0	0	0	0	0	0	0	0	0	0	0	0	0	0	0	0	0	0	0	0	0	0	0	0	0	0	0	0	0	0	0.049255	0	0	0
fdnG	0	0	0	0	0	0	0	0	0	0	0	1.00779	0	0	0	0	0	0	0	0	0	0	0	0	0	0	0	0	0	0	0	0	0	0
fdnI	0	0	0	0	0	0	0	0	0	0	0	-0.27119	0	0	0	0	0	0	0	0	0	0	0	0	0	0	0	0	0	0	0	0	0	0
osmC	0	0	0	0	0	0	0	0	0	0	0	0	0	0	0	0.825157	0	0	0	0	0	-0.32354	0	0	0	0	0	0	0	0	0.402865	0	0	0
fumA	0.269118	0	0	0	0	0	0	0	0	0	0	2.68753	0	0	0	0	0	0	0	0	0	0	0	0	0	0	0	0	0	0	0	0	0	0
purR	0	0	0	0	0	0	0	0	0	0	0	0	0	0	0	0	0	0	0	0	0	0	0	0	0	0	0	0	-0.581474	0	0	0	0	0
pykF	0	0	0	0	-0.960627	0	0	0	0	0	0	0	-1.25441	0	0	0	0	0	0	0	0	0	0	0	0	0	0	0	0	0	0	0	0	0
himA	0	0	0	0	0	0	0	0	0	0	0	0	0	0	0	0	0	0.558179	0	0	0	0	0	0	0	0	0	0	0	0	0	0	0	0
pfkB	0	0	0	0	-0.575981	0	0	0	0	0	0	0	0	0	0	0	0	0	0	0	0	0	0	0	0	0	0	0	0	0	0	0	0	0
osmE	0	0	0	0	0	0	0	0	0	0	0	0	0	0	0	0	0	1.98439	0	0	0	0	0	0	0	0	0	0	0	0	0	0	0	0
sdaA	0	0	0	0	0	0	0	0	0	0	0	0	0	0	0	0	0	0	0	0	0	0.669963	0	0	0	0	0	0	0	0	0	0	0	0
yebL	0	0	0	0	0	0	0	0	0	0	0	0	0	0	0	0	0	0	0	0	0	0	0	0	0	0	0	0	0	0	0	0	1.80203	0
b1858	0	0	0	0	0	0	0	0	0	0	0	0	0	0	0	0	0	0	0	0	0	0	0	0	0	0	0	0	0	0	0	0	0.828557	0
yebI	0	0	0	0	0	0	0	0	0	0	0	0	0	0	0	0	0	0	0	0	0	0	0	0	0	0	0	0	0	0	0	0	0.369415	0
gatR_2	0	0	0	0	0	0	0	0	0	0	0	0	0	0	-1.10533	0	0	0	0	0	0	0	0	0	0	0	0	0	0	0	0	0	0	-0.105384
gatD	0	0	0	0	0	0	0	0	0	0	0	0	0	0	-1.21517	0	0	0	0	0	0	0	0	0	0	0	0	0	0	0	0	0	0	0
gatC	0	0	0	0	0	0	0	0	0	0	0	0	0	0	-1.1173	0	0	0	0	0	0	0	0	0	0	0	0	0	0	0	0	0	0	0
gatB	0	0	0	0	0	0	0	0	0	0	0	0	0	0	-0.884055	0	0	0	0	0	0	0	0	0	0	0	0	0	0	0	0	0	0	0
gatA	0	0	0	0	0	0	0	0	0	0	0	0	0	0	-1.10756	0	0	0	0	0	0	0	0	0	0	0	0	0	0	0	0	0	0	0
gatZ	0	0	0	0	0	0	0	0	0	0	0	0	0	0	-0.683009	0	0	0	0	0	0	0	0	0	0	0	0	0	0	0	0	0	0	0.363036
gatY	0	0	0	0	0	0	0	0	0	0	0	0	0	0	-0.887581	0	0	0	0	0	0	0	0	0	0	0	0	0	0	0	0	0	0	0.436839
cirA	0	0	-0.110524	0	0	0	0	0	0	0	0	0	0	-2.55221	0	0	0	0	0	0	0	0	0	0	0	0	0	0	0	0	0	0	0	0
fruA	0	0	0	0	0	0	0	0	0	0	0	0	-2.01639	0	0	0	0	0	0	0	0	0	0	0	0	0	0	0	0	0	0	0	0	0
fruK	0	0	0	0	0	0	0	0	0	0	0	0	-1.75859	0	0	0	0	0	0	0	0	0	0	0	0	0	0	0	0	0	0	0	0	0
fruB	0	0	0	0	0	0	0	0	0	0	0	0	-1.96611	0	0	0	0	0	0	0	0	0	0	0	0	0	0	0	0	0	0	0	0	0
rcsB	0	0	0	0	0	0	0	0	0	0	0	0	0	0	0	-0.413974	0	0	0	0	0	0	0	0	0	0	0	0	0	0	0	0	0	0
atoC	0	0	0	0	0	0	0	0	0	0	0	0	0	0	0	0	0	0	0	0	0	0	0	0	0	0	0	0	0	0.915752	0	0	0	0
gyrA	0	0	0	1.07603	0	0	0	0	0	0	0	0	0	0	0	0	0	0	0	0	0	0	0	0	0	0	0	0	0	0	0	0	0	0
ubiG	0	0	-0.781597	0	0	0	0	0	0	0	0	0	0	0	0	0	0	0	0	0	0	0	0	0	0	0	0	0	0	0	0	0	0	0
nrdA	0	0	0	0	0	0	0	0	0	0	0.580362	0	0	0	0	0	0	0	0	0	0	0	0	0	0	0	0	0	0	0	0	0	0	0
nrdB	0	0	0	0	0	0	0	0	0	0	0.857419	0	0	0	0	0	0	0	0	0	0	0	0	0	0	0	0	0	0	0	0	0	0	0
nuoN	0.259693	0	0	0	0	0	0	0	0	0	0	0.555103	0	0	0	0	0	-0.369178	0	0	0	0	0	0	0	0	0	0	0	0	0	0	0	0
nuoM	-0.911754	0	0	0	0	0	0	0	0	0	0	-0.203343	0	0	0	0	0	1.08248	0	0	0	0	0	0	0	0	0	0	0	0	0	0	0	0
nuoL	-0.266435	0	0	0	0	0	0	0	0	0	0	0.45288	0	0	0	0	0	0.253749	0	0	0	0	0	0	0	0	0	0	0	0	0	0	0	0
nuoK	-0.554877	0	0	0	0	0	0	0	0	0	0	-0.235609	0	0	0	0	0	0.978645	0	0	0	0	0	0	0	0	0	0	0	0	0	0	0	0
nuoJ	-1.1205	0	0	0	0	0	0	0	0	0	0	-0.22723	0	0	0	0	0	1.28371	0	0	0	0	0	0	0	0	0	0	0	0	0	0	0	0
nuoI	-1.92055	0	0	0	0	0	0	0	0	0	0	-1.11993	0	0	0	0	0	2.29887	0	0	0	0	0	0	0	0	0	0	0	0	0	0	0	0
nuoH	-0.959749	0	0	0	0	0	0	0	0	0	0	0.118354	0	0	0	0	0	1.41338	0	0	0	0	0	0	0	0	0	0	0	0	0	0	0	0
nuoG	0.62846	0	0	0	0	0	0	0	0	0	0	1.5028	0	0	0	0	0	-0.692972	0	0	0	0	0	0	0	0	0	0	0	0	0	0	0	0
nuoF	-0.534241	0	0	0	0	0	0	0	0	0	0	0.186758	0	0	0	0	0	0.490741	0	0	0	0	0	0	0	0	0	0	0	0	0	0	0	0
nuoE	-0.76764	0	0	0	0	0	0	0	0	0	0	0.214754	0	0	0	0	0	0.776962	0	0	0	0	0	0	0	0	0	0	0	0	0	0	0	0
b2286	0.234675	0	0	0	0	0	0	0	0	0	0	1.01141	0	0	0	0	0	-0.13407	0	0	0	0	0	0	0	0	0	0	0	0	0	0	0	0
nuoB	0.818632	0	0	0	0	0	0	0	0	0	0	2.07323	0	0	0	0	0	-0.852027	0	0	0	0	0	0	0	0	0	0	0	0	0	0	0	0
nuoA	0.829858	0	0	0	0	0	0	0	0	0	0	1.83971	0	0	0	0	0	-0.84699	0	0	0	0	0	0	0	0	0	0	0	0	0	0	0	0
ubiX	0	0	0	0	0	0	0	0	0	0	0	0	0	0	0	0	0	0	0	0	0	0	0	0	0	0	0	0	-0.481629	0	0	0	0	0
purF	0	0	0	0	0	0	0	0	0	0	0	0	0	0	0	0	0	0	0	0	0	0	0	0	0	0	0	0	2.82948	0	0	0	0	-3.33211
cvpA	0	0	0	0	0	0	0	0	0	0	0	0	0	0	0	0	0	0	0	0	0	0	0	0	0	0	0	0	2.06853	0	0	0	0	-2.52773
cysK	0	0	0	0	0	0.881455	0	0	0	0	0	0	0	0	0	0	0	0	0	0	0	0	0	0	0	0	0	0	0	0	0	0	0	0
cysM	0	0	0	0	0	0.293723	0	0	0	0	0	0	0	0	0	0	0	0	0	0	0	0	0	0	0	0	0	0	0	0	0	0	0	0
cysA	0	0	0	0	0	0.986366	0	0	0	0	0	0	0	0	0	0	0	0	0	0	0	0	0	0	0	0	0	0	0	0	0	0	0	0
cysW	0	0	0	0	0	0.384025	0	0	0	0	0	0	0	0	0	0	0	0	0	0	0	0	0	0	0	0	0	0	0	0	0	0	0	0
cysU	0	0	0	0	0	0.573635	0	0	0	0	0	0	0	0	0	0	0	0	0	0	0	0	0	0	0	0	0	0	0	0	0	0	0	0
cysP	0	0	0	0	0	1.12077	0	0	0	0	0	0	0	0	0	0	0	0	0	0	0	0	0	0	0	0	0	0	0	0	0	0	0	0
purC	0	0	0	0	0	0	0	0	0	0	0	0	0	0	0	0	0	0	0	0	0	0	0	0	0	0	0	0	-0.509097	0	0	0	0	0
purM	0	0	0	0	0	0	0	0	0	0	0	0	0	0	0	0	0	0	0	0	0	0	0	0	0	0	0	0	-0.169494	0	0	0	0	-1.2616
purN	0	0	0	0	0	0	0	0	0	0	0	0	0	0	0	0	0	0	0	0	0	0	0	0	0	0	0	0	-1.3545	0	0	0	0	0
guaA	0	0	0	0	0	0	0	0	0	0	0	0	0	0	0	0	0	0	0	0	0	0	0	0	0	0	0	0	-2.18488	0	0	0	0	0
guaB	0	0	0	0	0	0	0	0	0	0	0	0	0	0	0	0	0	0	0	0	0	0	0	0	0	0	0	0	-2.29857	0	0	0	0	0
yfhF	0	0	0	0	0	0	0	0	0	0	0	0	0	0	0	0	0	0	-0.53599	0	0	0	0	0	0	0	0	0	0	0	0	0	0	0
b2529	0	0	0	0	0	0	0	0	0	0	0	0	0	0	0	0	0	0	-0.969422	0	0	0	0	0	0	0	0	0	0	0	0	0	0	0
b2530	0	0	0	0	0	0	0	0	0	0	0	0	0	0	0	0	0	0	-1.22521	0	0	0	0	0	0	0	0	0	0	0	0	0	0	0
b2531	0	0	0	0	0	0	0	0	0	0	0	0	0	0	0	0	0	0	-1.26937	0	0	0	0	0	0	0	0	0	0	0	0	0	0	0
glnB	0	0	0	0	0	0	0	0	0	0	0	0	0	0	0	0	0	0	0	0	0	0	0	0	0	0	0	0	-0.093214	0	0	0	0	0
purL	0	0	0	0	0	0	0	0	0	0	0	0	0	0	0	0	0	0	0	0	0	0	0	0	0	0	0	0	-0.48068	0	0	0	0	0
nadB	0	0	0	0	0	0	0	0	0	0	0	0	0	0	0	0	0	0	0	0	0	0	0	0	0	0	0.557986	0	0	0	0	0	0	0
stpA	0	0	0	0	0	0	0	0	0	0	0	0	0	0	0	0.250473	0	0	0	0	0	-0.849451	0	0	0	0	0	0	0	0	0	0	0	0.163527
fhlA	0	0	0	0	0	0	0	0	0	0	0	0	0	0	0	0	0	0	0	0	0	0	0	0	0	0	0	0	0	0.631904	0	0	0	0
rpoS	0	0	-0.031719	0	0	0	0	0	0	0	0	0	0	0	0	0	0	0	0	0	0	0	0	0	0	0	0	0	0	0	0	0	0	0
cysC	0	0	0	0	0	1.05768	0	0	0	0	0	0	0	0	0	0	0	0	0	0	0	0	0	0	0	0	0	0	0	0	0	0	0	0
cysN	0	0	0	0	0	1.0671	0	0	0	0	0	0	0	0	0	0	0	0	0	0	0	0	0	0	0	0	0	0	0	0	0	0	0	0.143714
cysD	0	0	0	0	0	1.07746	0	0	0	0	0	0	0	0	0	0	0	0	0	0	0	0	0	0	0	0	0	0	0	0	0	0	0	0.0110776
cysH	0	0	0	0	0	1.45985	0	0	0	0	0	0	0	0	0	0	0	0	0	0	0	0	0	0	0	0	0	0	0	0	0	0	0	0
cysI	0	0	0	0	0	1.46054	0	0	0	0	0	0	0	0	0	0	0	0	0	0	0	0	0	0	0	0	0	0	0	0	0	0	0	0
cysJ	0	0	0	0	0	1.63739	0	0	0	0	0	0	0	0	0	0	0	0	0	0	0	0	0	0	0	0	0	0	0	0	0	0	0	0
eno	0	0	0	0	-0.209792	0	0	0	0	0	0	0	0	0	0	0	0	0	0	0	0	0	0	0	0	0	0	0	0	0	0	0	0	0
lysA	0	0	0	0	0	0	0	0	0	0	0	0	0	0	0	0	0	0	0	0	0	0	0.878257	0	0	0	0	0	0	0	0	0	0	0
lysR	0	0	0	0	0	0	0	0	0	0	0	0	0	0	0	0	0	0	0	0	0	0	1.12174	0	0	0	0	0	0	0	0	0	0	0
serA	0	0	0	0	0	0	0	0	0	0	0	0	0	0	0	0	0	0	0	0	0	-2.07628	0	0	0	0	0	0	0	0	0	0	0	0
pgk	0	0	-0.520828	0	0	0	0	0	0	0	0	0	-0.618913	0	0	0	0	0	0	0	0	0	0	0	0	0	0	0	0	0	0	0	0	0
epd	0	0	-0.854597	0	0	0	0	0	0	0	0	0	-0.75532	0	0	0	0	0	0	0	0	0	0	0	0	0	0	0	0	0	0	0	0	0
speB	0	0	0	0	0	0	0	0	0	0	0	0	0	0	0	0	0	0	0	0	0	0	0	0	0	0	0	0	0.237027	0	0	0	0	0
speA	0	0	0	0	0	0	0	0	0	0	0	0	0	0	0	0	0	0	0	0	0	0	0	0	0	0	0	0	-0.0517917	0	0	0	0	0
ansB	0	0	0.263781	0	0	0	0	0	0	0	0	-0.375337	0	0	0	0	0	0	0	0	0	0	0	0	0	0	0	0	0	0	0	0	0	0
speC	0	0	-1.04017	0	0	0	0	0	0	0	0	0	0	0	0	0	0	0	0	0	0	0	0	0	0	0	0	0	0	0	0	0	0	0
metC	0	0	0	0	0	0	0	0	0	0	0	0	0	0	0	0	0	0	0	0	0	0	0	0	-1.13637	0	0	0	0	0	0	0	0	0
glgS	0	0	1.47284	0	0	0	0	0	0	0	0	0	0	0	0	0	0	0	0	0	0	0	0	0	0	0	0	0	0	0	0	0	0	0
uxaA	0	0	0	0	0	0	0	0.535467	0	0	0	0	0	0	0	0	0	0	0	0	0	0	0	0	0	0	0	0	0	0	0	0	0	0
uxaC	0	0	0	0	0	0	0	1.00357	0	0	0	0	0	0	0	0	0	0	0	0	0	0	0	0	0	0	0	0	0	0	0	0	0	0
exuT	0	0	0	0	0	0	0	-1.26388	0	0	0	0	0	0	0	0	0	0	0	0	0	0	0	0	0	0	0	0	0	0	0	0	0	0
exuR	0	0	0	0	0	0	0	1.19708	0	0	0	0	0	0	0	0	0	0	0	0	0	0	0	0	0	0	0	0	0	0	0	0	0	0
infB	0	0	0	0	0	0	0	0	0	0	0.263585	0	0	0	0	0	0	0	0	0	0	0	0	0	0	0	0	0	0	0	0	0	0	0
nusA	0	0	0	0	0	0	0	0	0	0	0.216541	0	0	0	0	0	0	0	0	0	0	0	0	0	0	0	0	0	0	0	0	0	0	0
yhbC	0	0	0	0	0	0	0	0	0	0	0.434607	0	0	0	0	0	0	0	0	0	0	0	0	0	0	0	0	0	0	0	0	0	0	0
gltB	0	0	0	0	0	0	0	0	0	0	0	0	0	0	0	0	0	0	0	0	0	-1.88792	0	0	0	0	0	0	0	0	0	0	0	0
gltD	0	0	0	0	0	0	0	0	0	0	0	0	0	0	0	0	0	0	0	0	0	-1.10255	0	0	0	0	0	0	0	0	0	0	0	0
gltF	0	0	0	0	0	0	0	0	0	0	0	0	0	0	0	0	0	0	0	0	0	-0.589299	0	0	0	0	0	0	0	0	0	0	0	0
mdh	-0.694297	0	-0.278158	0	0	0	0	0	0	0	0	0	0	0	0	0	0	0	0	0	0	0	0	0	0	0	0	0	0	0	0	0	0	0
argR	0	0.0981706	0	0	0	0	0	0	0	0	0	0	0	0	0	0	0	0	0	0	0	0	0	0	0	0	0	0	0	0	0	0	0	0
yhdG	0	0	0	0	0	0	0	0	0	0	0.537451	0	0	0	0	0	0	0	0	0	0	0	0	0	0	0	0	0	0	0	0	0	0	-1.26729
fis	0	0	0	0	0	0	0	0	0	0	0.229648	0	0	0	0	0	0	0	0	0	0	0	0	0	0	0	0	0	0	0	0	0	0	-1.36423
b3356	0	0	-0.0288238	0	0	0	0	0	0	0	0	0	0	0	0	0	0	0	0	0	0	0	0	0	0	0	0	0	0	0	0	0	0	0
crp	0	0	0.276445	0	0	0	0	0	0	0	0	0	0	0	0	0	0	0	0	0	0	0	0	0	0	0	0	0	0	0	0	0	0	-0.651073
argD	0	-0.892137	0	0	0	0	0	0	0	0	0	0	0	0	0	0	0	0	0	0	0	0	0	0	0	0	0	0	0	0	0	0	0	0
nirB	0	0	0	0	0	0	0	0	0	0	0	-0.221957	-0.259954	0	0	0	0	0	0	0	0	0	0	0	0	0	0	0	0	0	0	0	0	0
nirD	0	0	0	0	0	0	0	0	0	0	0	0.46669	-0.0796416	0	0	0	0	0	0	0	0	0	0	0	0	0	0	0	0	0	0	0	0	0
nirC	0	0	0	0	0	0	0	0	0	0	0	0.301539	0.150503	0	0	0	0	0	0	0	0	0	0	0	0	0	0	0	0	0	0	0	0	0
cysG	0	0	0	0	0	0	0	0	0	0	0	-0.186459	0.334406	0	0	0	0	0	0	0	0	0	0	0	0	0	0	0	0	0	0	0	0	0
pckA	0	0	3.04788	0	1.78996	0	0	0	0	0	0	0	1.9725	0	0	0	0	0	0	0	0	0	0	0	0	0	0	0	0	0	0	0	0	0
envZ	0	0	0	0	0	0	0	0	0	0	0	0	0	0	0	0	0	0.513434	0	0	0	0	0	0	0	0	0	0	0	0	0	0	0	0
malQ	0	0	0	0	0	0	0	0	0	0	0	0	0	0	0	0	0	0	0	0	0	0	0	0.633891	0	0	0	0	0	0	0	0	0	0
malP	0	0	0	0	0	0	0	0	0	0	0	0	0	0	0	0	0	0	0	0	0	0	0	0.535631	0	0	0	0	0	0	0	0	0	0
yhgB	0	0	0	0	0	0	0	0	0	0	0	0	0	0	0	0	0	0	0	0	0	0	0	0	0	0	0	0	0	0.274567	0	0	0	0
glgP	0	0	0.626779	0	-2.06434	0	0	0	0	0	0	0	0	0	0	0	0	0	0	0	0	0	0	0	0	0	0	0	0	0	0	0	0	0
glgA	0	0	1.0775	0	-2.22994	0	0	0	0	0	0	0	0	0	0	0	0	0	0	0	0	0	0	0	0	0	0	0	0	0	0	0	0	0
glgC	0	0	0.578217	0	-1.76614	0	0	0	0	0	0	0	0	0	0	0	0	0	0	0	0	0	0	0	0	0	0	0	0	0	0	0	0	0
glgB	0	0	0	0	-2.33435	0	0	0	0	0	0	0	0	0	0	0	0	0	0	0	0	0	0	0	0	0	0	0	0	0	0	0	0	0
ugpQ	0	0	1.0221	0	0	0	0	0	0	0	0	0	0	0	0	0	0	0	0	0	0	0	0	0	0	0	0	0	0	0	0	0	0	0
ugpC	0	0	0.599075	0	0	0	0	0	0	0	0	0	0	0	0	0	0	0	0	0	0	0	0	0	0	0	0	0	0	0	0	0	0	0
ugpE	0	0	0.989218	0	0	0	0	0	0	0	0	0	0	0	0	0	0	0	0	0	0	0	0	0	0	0	0	0	0	0	0	0	0	0
ugpA	0	0	1.01236	0	0	0	0	0	0	0	0	0	0	0	0	0	0	0	0	0	0	0	0	0	0	0	0	0	0	0	0	0	0	0
ugpB	0	0	1.83232	0	0	0	0	0	0	0	0	0	0	0	0	0	0	0	0	0	0	0	0	0	0	0	0	0	0	0	0	0	0	0
livF	0	0	0	0	0	0	0	0	0	0	0	0	0	0	0	0	0	0	0	0	0	-1.14969	0	0	0	0	0	0	0	0	0	0	0	0
livG	0	0	0	0	0	0	0	0	0	0	0	0	0	0	0	0	0	0	0	0	0	-1.10197	0	0	0	0	0	0	0	0	0	0	0	0
livM	0	0	0	0	0	0	0	0	0	0	0	0	0	0	0	0	0	0	0	0	0	-1.00547	0	0	0	0	0	0	0	0	0	0	0	0
livH	0	0	0	0	0	0	0	0	0	0	0	0	0	0	0	0	0	0	0	0	0	-0.304351	0	0	0	0	0	0	0	0	0	0	0	0
livK	0	0	0	0	0	0	0	0	0	0	0	0	0	0	0	0	0	0	0	0	0	-1.67779	0	0	0	0	0	0	0	0	0	0	0	0
livJ	0	0	0	0	0	0	0	0	0	0	0	0	0	0	0	0	0	0	0	0	0	-1.99326	0	0	0	0	0	0	0	0	0	0	0	0
uspA	0	0	0	0	0	0	0	0	0.324044	0	0	0	0	0	0	0	0	0	0	0	0	0	0	0	0	0	0	0	0	0	0	0	0	-0.754798
gor	0	0	0	0	0	0	0	0	0	0	0	0	0	0	0	0	0	0	0	0	0	0	0	0	0	0	0	-0.278969	0	0	0	0	0	0
dctA	-0.507256	0	0.874385	0	0	0	-0.820972	0	0	0	0	0	0	0	0	0	0	0	0	0	0	0	0	0	0	0	0	0	0	2.17778	0	0	0	0
xylB	0	0	0	0	0	0	0	0	0	0	0	0	0	0	0	0	0	0	0	0	0	0	0	0	0	0	0	0	0	0	0	1.09494	0	0
xylA	0	0	0	0	0	0	0	0	0	0	0	0	0	0	0	0	0	0	0	0	0	0	0	0	0	0	0	0	0	0	0	1.15515	0	0
xylF	0	0	0	0	0	0	0	0	0	0	0	0	0	0	0	0	0	0	0	0	0	0	0	0	0	0	0	0	0	0	0	1.44507	0	0
xylG	0	0	0	0	0	0	0	0	0	0	0	0	0	0	0	0	0	0	0	0	0	0	0	0	0	0	0	0	0	0	0	1.41153	0	0
xylH	0	0	0	0	0	0	0	0	0	0	0	0	0	0	0	0	0	0	0	0	0	0	0	0	0	0	0	0	0	0	0	0.672206	0	0
xylR	0	0	0	0	0	0	0	0	0	0	0	0	0	0	0	0	0	0	0	0	0	0	0	0	0	0	0	0	0	0	0	-0.221103	0	0
malS	0	0	-0.138452	0	0	0	0	0	0	0	0	0	0	0	0	0	0	0	0	0	0	0	0	0.549458	0	0	0	0	0	0	0	0	0	0
aldB	0	0	1.24592	0	0	0	0	0	0	0	0.456186	0	0	0	0	0	0	0	0	0	0	0	0	0	0	0	0	0	0	0	2.09911	0	0	0
lldP	-0.21929	0	0	0	0	0	0	0	0	0	0	0	0	0	0	0	0	0	0	0	0	0	0	0	0	0	0	0	0	0	0	0	0	0
lctR	-0.0163563	0	0	0	0	0	0	0	0	0	0	0	0	0	0	0	0	0	0	0	0	0	0	0	0	0	0	0	0	0	0	0	0	0
lctD	0.108121	0	0	0	0	0	0	0	0	0	0	0	0	0	0	0	0	0	0	0	0	0	0	0	0	0	0	0	0	0	0	0	0	0
tdh	0	0	0	0	0	0	0	0	0	0	0	0	0	0	0	0	0	0	0	0	0	0.622048	0	0	0	0	0	0	0	0	0	0	0	0
kbl	0	0	0	0	0	0	0	0	0	0	0	0	0	0	0	0	0	0	0	0	0	0.296652	0	0	0	0	0	0	0	0	0	0	0	0
ilvN	0	0	0.740804	0	0	0	0	0	0	0	0	0	0	0	0	0	0	0	0	0	0	0	0	0	0	0	0	0	0	0	0	0	0	0
ilvB	0	0	1.34179	0	0	0	0	0	0	0	0	0	0	0	0	0	0	0	0	0	0	0	0	0	0	0	0	0	0	0	0	0	0	0
b3672	0	0	0.239481	0	0	0	0	0	0	0	0	0	0	0	0	0	0	0	0	0	0	0	0	0	0	0	0	0	0	0	0	0	0	0
tnaL	0	0	0.0945043	0	0	0	0	0	0	0	0	0	0	0	0	0	0	0	0	0	0	0	0	0	0	0	0	0	0	0	0	0	0	0
tnaA	0	0	1.84076	0	0	0	0	0	0	0	0	0	0	0	0	0	0	0	0	0	0	0	0	0	0	0	0	0	0	0	0	0	0	0
tnaB	0	0	0.657316	0	0	0	0	0	0	0	0	0	0	0	0	0	0	0	0	0	0	0	0	0	0	0	0	0	0	0	0	0	0	0
pstS	0	0	0	0	0	0	0	0	0	0	0	0	0	0	0	0	0	0	0	0	0	0	0	0	0	0	0	0	0	0	0	0	0	-0.327097
ilvY	0	0	0	0	0	0	0	0	0	0	0	0	0	0	0	0	0	0	0	-0.144415	0	0	0	0	0	0	0	0	0	0	0	0	0	0
ilvC	0	0	0	0	0	0	0	0	0	0	0	0	0	0	0	0	0	0	0	1.85559	0	0	0	0	0	0	0	0	0	0	0	0	0	0
cyaA	0	0	-1.38441	0	0	0	0	0	0	0	0	0	0	0	0	0	0	0	0	0	0	0	0	0	0	0	0	0	0	0	0	0	0	0
metR	0	0	0	0	0	0	0	0	0	0	0	0	0	0	0	0	0	0	0	0	0	0	0	0	0.118336	0.435512	0	0	0	0	0	0	0	0
fadA	0.112906	0	2.16603	0	0	0	0	0	0.719935	0	0	0	0	0	0	0	0	0	0	0	0	0	0	0	0	0	0	0	0	0	0	0	0	0
fadB	-0.102878	0	0.347313	0	0	0	0	0	2.65782	0	0	0	0	0	0	0	0	0	0	0	0	0	0	0	0	0	0	0	0	0	0	0	0	0
pfkA	0	0	0	0	-1.0701	0	0	0	0	0	0	0	-0.981652	0	0	0	0	0	0	0	0	0	0	0	0	0	0	0	0	0	0	0	0	0
tpiA	0	0	0	0	0.0560408	0	0	0	0	0	0	0	0	0	0	0	0	0	0	0	0	0	0	0	0	0	0	0	0	0	0	0	0	0
metJ	0	0	0	0	0	0	0	0	0	0	0	0	0	0	0	0	0	0	0	0	0	0	0	0	-0.324694	0	0	0	0	0	0	0	0	0
metF	0	0	0	0	0	0	0	0	0	0	0	0	0	0	0	0	0	0	0	0	0	0	0	0	-2.61814	0	0	0	0	0	0	0	0	0.815075
katG	0	0	0	0	0	0	0	0	0	0	0	0	0	0	0	0	0	0	0	0	0	0	0	0	0	0	0	2.43298	0	0	1.16338	0	0	0
argE	0	-0.785259	0	0	0	0	0	0	0	0	0	0	0	0	0	0	0	0	0	0	0	0	0	0	0	0	0	0	0	0	0	0	0	0
argC	0	0.33728	0	0	0	0	0	0	0	0	0	0	0	0	0	0	0	0	0	0	0	0	0	0	0	0	0	0	0	0	0	0	0	0
argB	0	-1.13791	0	0	0	0	0	0	0	0	0	0	0	0	0	0	0	0	0	0	0	0	0	0	0	0	0	0	0	0	0	0	0	-0.372835
argH	0	-1.00098	0	0	0	0	0	0	0	0	0	0	0	0	0	0	0	0	0	0	0	0	0	0	0	0	0	0	0	0	0	0	0	0
oxyR	0	0	0	0	0	0	0	0	0	0	0	0	0	0	0	0	0	0	0	0	0	0	0	0	0	0	0	0.853794	0	0	0	0	0	0
trmA	0	0	0	0	0	0	0	0	0	0	-0.161728	0	0	0	0	0	0	0	0	0	0	0	0	0	0	0	0	0	0	0	0	0	0	0
purD	0	0	0	0	0	0	0	0	0	0	0	0	0	0	0	0	0	0	0	0	0	0	0	0	0	0	0	0	-0.901738	0	0	0	0	0
purH	0	0	0	0	0	0	0	0	0	0	0	0	0	0	0	0	0	0	0	0	0	0	0	0	0	0	0	0	-0.941208	0	0	0	0	0
metA	0	0	0	0	0	0	0	0	0	0	0	0	0	0	0	0	0	0	0	0	0	0	0	0	0.802457	1.86397	0	0	0	0	0	0	0	-1.675
aceB	-2.63887	0	0	0	0	0	0	0	0	0	0	0	0.379651	0	0	0	0.819718	3.49556	0	0	0	0	0	0	0	0	0	0	0	0	0	0	0	0
aceA	-1.98338	0	0	0	-0.348727	0	0	0	0	0	0	0	-2.10515	0	0	0	0.906222	1.35551	0	0	0	0	0	0	0	0	0	0	0	0	0	0	0	0
aceK	-2.16753	0	0	0	0	0	0	0	0	0	0	0	-0.184521	0	0	0	0.544109	2.68109	0	0	0	0	0	0	0	0	0	0	0	0	0	0	0	0
iclR	0	0	0	0	0	0	0	0	-0.379503	0	0	0	0	0	0	0	0	0	0	0	0	0	0	0	0	0	0	0	0	0	0	0	0	0
metH	0	0	0	0	0	0	0	0	0	0	0	0	0	0	0	0	0	0	0	0	0	0	0	0	0	0.700522	0	0	0	0	0	0	0	0
pgi	0	0	0	0	-0.583976	0	0	0	0	0	0	0	0	0	0	0	0	0	0	0	0	0	0	0	0	0	0	0	0	0	0	0	0	0
malG	0	0	0.607006	0	0	0	0	0	0	0	0	0	0	0	0	0	0	0	0	0	0	0	0	0.905963	0	0	0	0	0	0	0	0	0	0
malF	0	0	-0.0986957	0	0	0	0	0	0	0	0	0	0	0	0	0	0	0	0	0	0	0	0	2.10154	0	0	0	0	0	0	0	0	0	0
malE	0	0	0.801566	0	0	0	0	0	0	0	0	0	0	0	0	0	0	0	0	0	0	0	0	-0.397693	0	0	0	0	0	0	0	0	0	0
malK	0	0	0.606418	0	0	0	0	0	0	0	0	0	0	0	0	0	0	0	0	0	0	0	0	0.949928	0	0	0	0	0	0	0	0	0	0
lamB	0	0	1.38817	0	0	0	0	0	0	0	0	0	0	0	0	0	0	0	0	0	0	0	0	1.43615	0	0	0	0	0	0	0	0	0	0
malM	0	0	0.909062	0	0	0	0	0	0	0	0	0	0	0	0	0	0	0	0	0	0	0	0	1.48975	0	0	0	0	0	0	0	0	0	0
acs	0	0	0.996265	0	-3.03E-05	0	0	0	0	0	0	0.616873	0	0	0	0	-1.72995	0	0	0	0	0	0	0	0	0	0	0	0	0	0.737643	0	0	0
nrfA	0	0	0	0	0	0	0	0	0	0	0	0	0	0	0	0	0	0	0	0	0	0	0	0	0	0	0	0	0	0	0	0	0	0
nrfB	0	0	0	0	0	0	0	0	0	0	0	0	0	0	0	0	0	0	0	0	0	0	0	0	0	0	0	0	0	0	0	0	0	0
nrfC	0	0	0	0	0	0	0	0	0	0	0	0	0	0	0	0	0	0	0	0	0	0	0	0	0	0	0	0	0	0	0	0	0	0
nrfD	0	0	0	0	0	0	0	0	0	0	0	0	0	0	0	0	0	0	0	0	0	0	0	0	0	0	0	0	0	0	0	0	0	0
nrfE	0	0	0	0	0	0	0	0	0	0	0	0	0	0	0	0	0	0	0	0	0	0	0	0	0	0	0	0	0	0	0	0	0	0
nrfG	0	0	0	0	0	0	0	0	0	0	0	0	0	0	0	0	0	0	0	0	0	0	0	0	0	0	0	0	0	0	0	0	0	0
proP	0	0	-0.175287	0	0	0	0	0	0	0	-0.440319	0	0	0	0	0	0	0	0	0	0	0	0	0	0	0	0	0	0	0	-0.208636	0	0	0
fumB	0	0	1.66493	0	0	0	-0.711311	0	0	0	0	-0.245067	0	0	0	0	0	0	0	0	0	0	0	0	0	0	0	0	0	0	0	0	0	0
dcuB	0	0	-0.467293	0	0	0	0.678225	0	0	0	0	0.576485	0	0	0	0	0	0	0	0	0	0	0	0	0	0	0	0	0	0	0	0	0	0
lysU	0	0	0	0	0	0	0	0	0	0	0	0	0	0	0	0	0	0	0	0	0	-0.763739	0	0	0	0	0	0	0	0	0	0	0	0
aspA	0	0	3.75713	0	0	0	0	0	0	0	0	-0.314684	0	0	0	0	0	0	0	0	0	0	0	0	0	0	0	0	0	0	0	0	0	0
frdD	0	0	0	0	0	0	0.504077	0	0	0	0	0.261002	0	0	0	0	0	0	0	0	0	0	0	0	0	0	0	0	0	0	0	0	0	0
frdC	0	0	0	0	0	0	0.419034	0	0	0	0	0.624105	0	0	0	0	0	0	0	0	0	0	0	0	0	0	0	0	0	0	0	0	0	0
frdB	0	0	0	0	0	0	1.76508	0	0	0	0	0.0443496	0	0	0	0	0	0	0	0	0	0	0	0	0	0	0	0	0	0	0	0	0	0
frdA	0	0	0	0	0	0	2.10131	0	0	0	0	0.0250542	0	0	0	0	0	0	0	0	0	0	0	0	0	0	0	0	0	0	0	0	0	0
cpdB	0	0	0.293737	0	0	0	0	0	0	0	0	0	0	0	0	0	0	0	0	0	0	0	0	0	0	0	0	0	0	0	0	0	0	0
fbp	0	0	0	0	0.633364	0	0	0	0	0	0	0	0	0	0	0	0	0	0	0	0	0	0	0	0	0	0	0	0	0	0	0	0	0
argI	0	-0.925878	0	0	0	0	0	0	0	0	0	0	0	0	0	0	0	0	0	0	0	0	0	0	0	0	0	0	0	0	0	0	0	0
fecE	0	0	0	0	0	0	0	0	0	0.496307	0	0	0	0	0	0	0	0	0	0	0	0	0	0	0	0	0	0	0	0	0	0	0	0
fecD	0	0	0	0	0	0	0	0	0	-0.344826	0	0	0	0	0	0	0	0	0	0	0	0	0	0	0	0	0	0	0	0	0	0	0	0
fecC	0	0	0	0	0	0	0	0	0	0.0508968	0	0	0	0	0	0	0	0	0	0	0	0	0	0	0	0	0	0	0	0	0	0	0	0
fecB	0	0	0	0	0	0	0	0	0	0.052495	0	0	0	0	0	0	0	0	0	0	0	0	0	0	0	0	0	0	0	0	0	0	0	0
fecA	0	0	0	0	0	0	0	0	0	1.41018	0	0	0	0	0	0	0	0	0	0	0	0	0	0	0	0	0	0	0	0	0	0	0	0
fecR	0	0	0	0	0	0	0	0	0	2.40666	0	0	0	-0.152508	0	0	0	0	0	0	0	0	0	0	0	0	0	0	0	0	0	0	0	0
fecI	0	0	0	0	0	0	0	0	0	2.23863	0	0	0	-0.288255	0	0	0	0	0	0	0	0	0	0	0	0	0	0	0	0	0	0	0	0
osmY	0	0	-3.42433	0	0	0	0	0	0	0	0	0	0	0	0	0	0	-0.192127	0	0	0	-3.8783	0	0	0	0	0	0	0	0	4.81812	0	0	0
arcA	1.16872	0	0	0	0	0	0	0	0	0	0	1.63266	0	0	0	0	0	0	0	0	0	0	0	0	0	0	0	0	0	0	0	0	0	0
b2463	0	0	0.635701	0	0	0	0	0	0	0	0	0	0	0	0	0	0	0	0	0	0	0	0	0	0	0	0	0	0	0	0	0	0	0
